64112
265851
52411
270024
269956
28319
264827
265871
264707
266655
265656
265656
52510
64108
266776
263702
266866
266866
264806
27901
27901
265675
264854
266844
11340
266771
265757
19338
52341
262237
262256
266887
264814
264838
28096
267745
263237
264641
6505
267733
266715
52468
25152
265703
7195
27979
7418
61506
19338
8674
13381
262213
265662
265830
64127
61503
21838
52306
52234
52305
64113
269793
16552
20015
16874
27901
269875
22975
28047
270014
271783
263237
262159
271869
1239
22860
262167
64121
27659
28319
61466
267748
14259
265672
262187
49544
10778
266830
266878
52580
265831
14259
396356
28099
269828
271803
264806
394354
269998
28096
52304
264681
266765
27859
262237
7049
52444
263681
6507
2688
7195
32590
32590
31898
32261
262182
21575
19228
54113
262589
28319
32934
264681
22047
22047
32934
8075
8075
265743
262182
263793
33438
32098
22975
42
264724
6057
15169
15169
13335
55256
36236
52341
52229
136907
136907
20940
16509
16509
20940
199524
2906
61526
394353
32934
263797
40676
265656
263784
266835
266655
264806
64113
20940
265672
16509
265656
263784
6471
27925
19228
266840
264806
264707
263784
263728
61525
61524
52411
13381